	New York	New Jersey	New York City
11/1/1965	73.23033627	55.67756072	88.41702282
12/1/1965	73.63731823	55.93105309	88.57292991
1/1/1966	74.00051792	56.17991915	88.73304116
2/1/1966	74.43366876	56.46366274	88.90160463
3/1/1966	74.87744073	56.74939221	89.07776671
4/1/1966	75.31776092	57.02383162	89.26219541
5/1/1966	75.72893943	57.30255418	89.45608917
6/1/1966	76.15852998	57.56461862	89.65906923
7/1/1966	76.56024098	57.83346555	89.86957313
8/1/1966	77.0253021	58.11696583	90.08686408
9/1/1966	77.46572032	58.38814774	90.31111538
10/1/1966	77.85137869	58.61475528	90.54173156
11/1/1966	78.20119628	58.81834229	90.77417044
12/1/1966	78.44155369	59.00344581	91.00267102
1/1/1967	78.68284679	59.15398396	91.22434986
2/1/1967	78.83788132	59.22835696	91.4384444
3/1/1967	78.95817611	59.31156191	91.65483416
4/1/1967	79.12318708	59.42891801	91.88307765
5/1/1967	79.36992379	59.54675792	92.13042931
6/1/1967	79.67028374	59.65987062	92.40297945
7/1/1967	80.02911149	59.7820195	92.70236479
8/1/1967	80.37779261	59.92788151	93.0249786
9/1/1967	80.74252275	60.08164081	93.36491107
10/1/1967	81.1106063	60.29113824	93.71743212
11/1/1967	81.4934504	60.5084853	94.07614711
12/1/1967	81.90619394	60.70491981	94.43121341
1/1/1968	82.2696704	60.91180655	94.77728265
2/1/1968	82.65219134	61.11348557	95.11210499
3/1/1968	83.01937901	61.29774298	95.43194316
4/1/1968	83.37563407	61.47828234	95.73703268
5/1/1968	83.7112979	61.65180523	96.02978598
6/1/1968	84.05258478	61.8673808	96.31459556
7/1/1968	84.40472131	62.07935868	96.59830443
8/1/1968	84.74062731	62.29948015	96.89018286
9/1/1968	85.07904458	62.51791493	97.19773978
10/1/1968	85.43913315	62.7098599	97.52880128
11/1/1968	85.82861235	62.90173109	97.88758154
12/1/1968	86.23673278	63.09041899	98.27694393
1/1/1969	86.68314648	63.28361432	98.68957721
2/1/1969	87.14699453	63.53618871	99.11297855
3/1/1969	87.60537153	63.82036289	99.5369637
4/1/1969	88.05062802	64.12339788	99.94580838
5/1/1969	88.43166214	64.39740998	100.3222403
6/1/1969	88.76540332	64.63958821	100.6506383
7/1/1969	89.05463257	64.87973384	100.9178139
8/1/1969	89.26250054	65.10544835	101.116218
9/1/1969	89.4113984	65.28744323	101.2431546
10/1/1969	89.52255826	65.45017043	101.2986705
11/1/1969	89.56999417	65.59516415	101.283943
12/1/1969	89.59652744	65.72182063	101.2010635
1/1/1970	89.57842254	65.81992451	101.0532468
2/1/1970	89.47483892	65.94274036	100.8449736
3/1/1970	89.29599695	66.05940254	100.5812804
4/1/1970	89.02885971	66.11251921	100.2696257
5/1/1970	88.6778995	66.15430218	99.91720498
6/1/1970	88.24398589	66.12721982	99.5335493
7/1/1970	87.74996051	66.09672024	99.12717492
8/1/1970	87.25207443	65.9582066	98.70642074
9/1/1970	86.70158001	65.84208854	98.27866833
10/1/1970	86.13096923	65.77116693	97.85046647
11/1/1970	85.63263179	65.70392326	97.42969803
12/1/1970	85.14420423	65.71329922	97.02250591
1/1/1971	84.73086445	65.8101108	96.63479877
2/1/1971	84.30848522	65.86535408	96.26753874
3/1/1971	83.94594262	65.88898103	95.91912959
4/1/1971	83.61277771	65.9198484	95.5904526
5/1/1971	83.36551789	65.95455546	95.28506954
6/1/1971	83.14939937	66.02082138	95.00463621
7/1/1971	82.95762908	66.0860317	94.75204017
8/1/1971	82.7926237	66.25559524	94.52823192
9/1/1971	82.66325989	66.45414666	94.33935281
10/1/1971	82.57794369	66.57807785	94.19004221
11/1/1971	82.56421219	66.73660786	94.08409211
12/1/1971	82.61245703	67.01022285	94.01851452
1/1/1972	82.66998311	67.287969	93.98431877
2/1/1972	82.80809471	67.46796007	93.9721246
3/1/1972	82.96499545	67.57470003	93.97356329
4/1/1972	83.17662231	67.83977163	93.98216082
5/1/1972	83.38205258	68.1157719	93.99493537
6/1/1972	83.59789474	68.43909857	94.01424463
7/1/1972	83.80151657	68.73596212	94.04408028
8/1/1972	84.07129148	68.9273687	94.08883058
9/1/1972	84.47354968	69.11288936	94.14552501
10/1/1972	84.95937298	69.48007709	94.20741323
11/1/1972	85.45791361	69.84139716	94.26188309
12/1/1972	85.94171749	70.17114597	94.29951285
1/1/1973	86.36752088	70.42775222	94.31380793
2/1/1973	86.74130174	70.72888756	94.29951192
3/1/1973	86.96967163	71.0873972	94.25174696
4/1/1973	87.09355813	71.19934392	94.16853144
5/1/1973	87.13116567	71.34023141	94.05035515
6/1/1973	87.11604337	71.42699026	93.90170784
7/1/1973	87.13897752	71.50976961	93.72861998
8/1/1973	87.14758836	71.67952602	93.53584182
9/1/1973	87.18433696	71.8994673	93.32418345
10/1/1973	87.16595358	72.04155397	93.0912277
11/1/1973	87.06390475	72.1722261	92.83577306
12/1/1973	86.90124775	72.18985968	92.55683588
1/1/1974	86.65584232	72.20060277	92.25343602
2/1/1974	86.41252553	72.26152091	91.9254084
3/1/1974	86.19477331	72.37779398	91.57283187
4/1/1974	85.99923793	72.550038	91.19542654
5/1/1974	85.81318489	72.54827558	90.79264346
6/1/1974	85.61508199	72.44882043	90.35874653
7/1/1974	85.34775985	72.28890577	89.88812918
8/1/1974	84.93799535	72.04628756	89.37850871
9/1/1974	84.34337604	71.76617473	88.83106893
10/1/1974	83.64025906	71.39747671	88.25165371
11/1/1974	82.78083822	70.97840891	87.64870577
12/1/1974	81.77668964	70.44035161	87.03411544
1/1/1975	80.83579643	69.91706668	86.42512185
2/1/1975	79.90572982	69.37997726	85.83874628
3/1/1975	79.07096241	68.86226044	85.29037044
4/1/1975	78.42677273	68.42954011	84.78806726
5/1/1975	77.88912886	68.141445	84.33206428
6/1/1975	77.42568156	68.15396987	83.9194518
7/1/1975	76.98946717	68.2927454	83.54690356
8/1/1975	76.61921333	68.57087351	83.20972404
9/1/1975	76.29583455	68.79892801	82.90775557
10/1/1975	76.06507374	69.04824865	82.64175452
11/1/1975	75.92925707	69.21543005	82.41140726
12/1/1975	75.8912945	69.43318052	82.21349561
1/1/1976	75.92141629	69.70936853	82.04066176
2/1/1976	75.94818542	69.94899106	81.88424071
3/1/1976	75.99855521	70.03835544	81.73909437
4/1/1976	75.94614688	70.08701054	81.60316262
5/1/1976	75.88033481	70.26787049	81.48153706
6/1/1976	75.80255429	70.42335138	81.3789581
7/1/1976	75.77488954	70.56622875	81.29764555
8/1/1976	75.78087471	70.66990549	81.237129
9/1/1976	75.79434942	70.74084925	81.19704576
10/1/1976	75.79260135	70.84208095	81.1797868
11/1/1976	75.84062099	71.04717165	81.18774755
12/1/1976	75.99863421	71.30786917	81.22270641
1/1/1977	76.1538542	71.54187771	81.28517418
2/1/1977	76.39967425	71.83080061	81.37431275
3/1/1977	76.67037247	72.19187142	81.48582659
4/1/1977	76.99985155	72.61967143	81.61688741
5/1/1977	77.35654679	72.9934763	81.76122159
6/1/1977	77.79071199	73.35253404	81.91478321
7/1/1977	78.18302324	73.64457908	82.07667114
8/1/1977	78.57300434	73.91206576	82.24917903
9/1/1977	78.92247022	74.2191374	82.43530824
10/1/1977	79.28653463	74.54059936	82.63852098
11/1/1977	79.67649421	74.93663551	82.85960885
12/1/1977	80.09901322	75.3508523	83.10184122
1/1/1978	80.49303406	75.73267359	83.36537739
2/1/1978	80.8889872	76.15213422	83.65064433
3/1/1978	81.3232519	76.63683532	83.95486921
4/1/1978	81.75280487	77.17107994	84.26938852
5/1/1978	82.18971317	77.5927008	84.58268351
6/1/1978	82.56801926	77.92174497	84.88843996
7/1/1978	82.97124682	78.260265	85.18388512
8/1/1978	83.34532934	78.50892153	85.4690226
9/1/1978	83.80312224	78.73709684	85.74042805
10/1/1978	84.23713388	78.93749955	85.99290993
11/1/1978	84.65303173	79.07668987	86.22451977
12/1/1978	84.97684791	79.23756783	86.43200736
1/1/1979	85.25062411	79.39719341	86.61676232
2/1/1979	85.43127154	79.52776562	86.78254172
3/1/1979	85.66444546	79.67332652	86.93610672
4/1/1979	85.84689094	79.75905591	87.08488966
5/1/1979	86.01893753	79.88175246	87.23602853
6/1/1979	86.1615711	80.01619689	87.39245943
7/1/1979	86.27693981	80.07533679	87.55379867
8/1/1979	86.40244188	80.14949536	87.7161392
9/1/1979	86.52161515	80.24668788	87.87634414
10/1/1979	86.66849315	80.3894985	88.03114186
11/1/1979	86.81997707	80.55205442	88.18240416
12/1/1979	86.9217694	80.72320722	88.33020616
1/1/1980	87.01138869	80.88634243	88.47466456
2/1/1980	87.04951433	81.00029437	88.61361427
3/1/1980	86.91820858	80.98282648	88.74564334
4/1/1980	86.7312433	80.8531519	88.87282751
5/1/1980	86.50968936	80.73639132	89.00210714
6/1/1980	86.34092113	80.60288868	89.13838046
7/1/1980	86.25285379	80.53654645	89.28487981
8/1/1980	86.25716702	80.60335166	89.44388479
9/1/1980	86.33920232	80.69332403	89.61878316
10/1/1980	86.50558329	80.86350639	89.8156202
11/1/1980	86.68058407	81.06834953	90.03466073
12/1/1980	86.86992347	81.21304655	90.27476418
1/1/1981	87.07709517	81.36741254	90.53215547
2/1/1981	87.32890039	81.49375869	90.80217572
3/1/1981	87.60561634	81.61974961	91.07704865
4/1/1981	87.87152386	81.73591668	91.34865601
5/1/1981	88.11542537	81.83564757	91.6058287
6/1/1981	88.34817664	81.96261145	91.84015077
7/1/1981	88.5187301	82.09767763	92.04303669
8/1/1981	88.59419911	82.21410809	92.20722606
9/1/1981	88.55461323	82.30326918	92.33014152
10/1/1981	88.40018606	82.30097937	92.41304214
11/1/1981	88.20067719	82.23750627	92.46103181
12/1/1981	88.010573	82.12345413	92.48144837
1/1/1982	87.84269991	81.98049391	92.48069972
2/1/1982	87.68881279	81.87889385	92.46355518
3/1/1982	87.56453931	81.79065775	92.43232497
4/1/1982	87.4634617	81.7739352	92.38902124
5/1/1982	87.39306114	81.83665834	92.33738262
6/1/1982	87.28003509	81.90606652	92.28155098
7/1/1982	87.12861512	81.99713876	92.22710358
8/1/1982	86.94846647	82.04602559	92.18153609
9/1/1982	86.71416176	82.04786714	92.15012011
10/1/1982	86.47149241	82.01798351	92.13963631
11/1/1982	86.31083343	82.06938668	92.1571916
12/1/1982	86.24032922	82.23594267	92.21106467
1/1/1983	86.29778021	82.4713454	92.3081643
2/1/1983	86.41415909	82.74852348	92.45359768
3/1/1983	86.61408991	83.10133734	92.65398276
4/1/1983	86.92428661	83.49934179	92.91012178
5/1/1983	87.31638038	83.90743248	93.2169729
6/1/1983	87.81560064	84.4336387	93.56911245
7/1/1983	88.39019083	84.97174454	93.95988376
8/1/1983	89.02451104	85.54917518	94.38141089
9/1/1983	89.74851168	86.16082665	94.8251944
10/1/1983	90.5174712	86.73359112	95.27820018
11/1/1983	91.28524823	87.26938256	95.7250127
12/1/1983	92.04549269	87.84103172	96.15525294
1/1/1984	92.72292508	88.43853714	96.56291306
2/1/1984	93.42360206	89.01735525	96.94482647
3/1/1984	94.03314834	89.53904231	97.29966399
4/1/1984	94.60527544	90.087461	97.63058731
5/1/1984	95.13318659	90.61502699	97.94251661
6/1/1984	95.56713481	91.01843214	98.24158569
7/1/1984	96.00389039	91.31721758	98.53578555
8/1/1984	96.49915711	91.61224239	98.83262977
9/1/1984	97.03942805	91.96142064	99.13538721
10/1/1984	97.60733273	92.34317599	99.44346175
11/1/1984	98.14182821	92.66612356	99.75712368
12/1/1984	98.62855281	92.96993109	100.0749971
1/1/1985	99.08103266	93.21412992	100.3963022
2/1/1985	99.48710201	93.4237848	100.7218341
3/1/1985	99.8680953	93.63984774	101.0524531
4/1/1985	100.1960432	93.89999186	101.3919117
5/1/1985	100.5515583	94.15343232	101.7429464
6/1/1985	100.953449	94.43257294	102.1024599
7/1/1985	101.4075102	94.76224782	102.4658917
8/1/1985	101.8426164	95.0561634	102.8276809
9/1/1985	102.2492989	95.27892802	103.1841954
10/1/1985	102.6654437	95.49982688	103.534889
11/1/1985	103.0550903	95.74128478	103.8778267
12/1/1985	103.4475989	96.00231336	104.2090853
1/1/1986	103.7950261	96.25300924	104.5290283
2/1/1986	104.085146	96.54546949	104.8408842
3/1/1986	104.3811188	96.87409641	105.1538119
4/1/1986	104.7428525	97.19181987	105.4737077
5/1/1986	105.1731981	97.52078882	105.8045752
6/1/1986	105.6662134	97.86819081	106.1491239
7/1/1986	106.1949739	98.265804	106.5076451
8/1/1986	106.7082208	98.66047826	106.8762608
9/1/1986	107.2542656	99.07876477	107.2539896
10/1/1986	107.7780298	99.50202735	107.6401002
11/1/1986	108.2703299	99.91722759	108.0365969
12/1/1986	108.720436	100.2673633	108.4451276
1/1/1987	109.1767358	100.6013061	108.8626138
2/1/1987	109.6225839	100.891176	109.2818666
3/1/1987	110.1723971	101.2027822	109.6953613
4/1/1987	110.6292057	101.4772741	110.0965679
5/1/1987	111.0264547	101.7365571	110.4804499
6/1/1987	111.445557	102.0149161	110.8423967
7/1/1987	111.7994581	102.3235414	111.1778566
8/1/1987	112.2385107	102.6239363	111.4859967
9/1/1987	112.5933615	102.9208309	111.7678542
10/1/1987	112.9757124	103.2854488	112.0269357
11/1/1987	113.3877169	103.6271275	112.2650695
12/1/1987	113.8706596	103.8888307	112.4829086
1/1/1988	114.3789906	104.1485311	112.678752
2/1/1988	114.8896838	104.438751	112.8501572
3/1/1988	115.3059879	104.7575664	112.9916499
4/1/1988	115.6484494	105.0676794	113.1007161
5/1/1988	115.8997812	105.3628448	113.1795466
6/1/1988	116.0296439	105.624284	113.2373592
7/1/1988	116.1384556	105.8663947	113.2828722
8/1/1988	116.2404899	106.1131153	113.3250569
9/1/1988	116.3619135	106.3685358	113.3687796
10/1/1988	116.5133764	106.6407122	113.4150888
11/1/1988	116.7451032	106.8949627	113.4601042
12/1/1988	116.9157496	107.1262312	113.4999309
1/1/1989	117.1376484	107.3420013	113.5340028
2/1/1989	117.3238825	107.4855438	113.5602233
3/1/1989	117.3827138	107.4951458	113.5761339
4/1/1989	117.411009	107.4675039	113.5810113
5/1/1989	117.3704141	107.372814	113.5743917
6/1/1989	117.3001705	107.287017	113.558937
7/1/1989	117.1718156	107.2171296	113.5387938
8/1/1989	116.9740143	107.1556462	113.5186492
9/1/1989	116.8129577	107.1092774	113.5027636
10/1/1989	116.6581782	107.0090803	113.4916374
11/1/1989	116.5977743	106.9605622	113.4839211
12/1/1989	116.6195032	106.9538672	113.4711795
1/1/1990	116.6673991	106.9766457	113.4372104
2/1/1990	116.6860091	106.9465675	113.3650947
3/1/1990	116.6713426	106.817037	113.2425274
4/1/1990	116.5860728	106.5798496	113.0588282
5/1/1990	116.4221852	106.3760437	112.8061256
6/1/1990	116.1211958	106.1028347	112.4707002
7/1/1990	115.6692384	105.7364682	112.0443792
8/1/1990	115.0378719	105.2871992	111.5247264
9/1/1990	114.2865931	104.7817367	110.9121132
10/1/1990	113.3933616	104.1934848	110.2160714
11/1/1990	112.319184	103.628813	109.4565879
12/1/1990	111.1873038	103.1287656	108.6572217
1/1/1991	109.9461526	102.6083167	107.8441364
2/1/1991	108.7552901	102.1850731	107.049833
3/1/1991	107.675866	101.8850643	106.2950718
4/1/1991	106.7773422	101.6100028	105.591626
5/1/1991	106.0246816	101.3765923	104.9452664
6/1/1991	105.4136474	101.1862181	104.357221
7/1/1991	104.9439026	100.99689	103.8233131
8/1/1991	104.5144035	100.866852	103.3394823
9/1/1991	104.1066976	100.7378545	102.8985456
10/1/1991	103.6581772	100.5928678	102.490055
11/1/1991	103.1059095	100.4624401	102.1040931
12/1/1991	102.5395996	100.3525305	101.7354256
1/1/1992	101.9562927	100.2096849	101.3861498
2/1/1992	101.4842216	100.1198442	101.0603427
3/1/1992	101.1015406	100.0481039	100.765553
4/1/1992	100.7417754	99.95754714	100.507135
5/1/1992	100.4375112	99.90001778	100.289288
6/1/1992	100.1906168	99.92480557	100.1182788
7/1/1992	100	100	100
8/1/1992	99.94356329	100.0641051	99.93596919
9/1/1992	99.90652552	100.1517297	99.92832465
10/1/1992	99.93499587	100.3057057	99.97752603
11/1/1992	100.0358115	100.4589494	100.0815322
12/1/1992	100.1962899	100.6604607	100.2388886
1/1/1993	100.4572417	100.8931154	100.4436023
2/1/1993	100.7333012	101.0571942	100.6817681
3/1/1993	100.9762326	101.1606278	100.9416646
4/1/1993	101.1489855	101.3534381	101.2145518
5/1/1993	101.3158692	101.5459418	101.4925486
6/1/1993	101.4437915	101.7509619	101.7721939
7/1/1993	101.5441382	101.9367129	102.0519074
8/1/1993	101.6247619	102.1334836	102.3296962
9/1/1993	101.6667868	102.3461381	102.6059543
10/1/1993	101.760617	102.6060897	102.8846868
11/1/1993	101.9014447	102.8400413	103.1724173
12/1/1993	102.0929003	103.0657618	103.4735014
1/1/1994	102.3821393	103.2233445	103.7899755
2/1/1994	102.6576537	103.4345041	104.1214889
3/1/1994	102.9926119	103.7383277	104.4642916
4/1/1994	103.3722148	104.1312467	104.8112562
5/1/1994	103.7183806	104.4838804	105.1538434
6/1/1994	104.0507531	104.7956043	105.4870406
7/1/1994	104.3408458	105.0869946	105.809173
8/1/1994	104.6395757	105.3579291	106.1210951
9/1/1994	104.9563322	105.5955179	106.423595
10/1/1994	105.2473663	105.8503733	106.7187681
11/1/1994	105.6421354	106.1049733	107.004607
12/1/1994	105.8965452	106.2916339	107.277796
1/1/1995	106.1203937	106.479457	107.5334088
2/1/1995	106.2502984	106.6487594	107.7696698
3/1/1995	106.2904739	106.7492618	107.9854096
4/1/1995	106.3111336	106.7985488	108.185004
5/1/1995	106.3108495	106.8312001	108.3772771
6/1/1995	106.3401135	106.8977892	108.5675917
7/1/1995	106.4087932	106.9920601	108.7604372
8/1/1995	106.4626792	107.1740537	108.9595249
9/1/1995	106.5315957	107.3544159	109.1669534
10/1/1995	106.5810326	107.4748637	109.3837245
11/1/1995	106.5566021	107.5559162	109.613781
12/1/1995	106.6433718	107.655645	109.8598976
1/1/1996	106.6015334	107.8006059	110.124581
2/1/1996	106.6760237	107.9731772	110.408905
3/1/1996	106.7769961	108.1577071	110.7139343
4/1/1996	106.9565189	108.3807067	111.0400825
5/1/1996	107.2265294	108.7203429	111.3868284
6/1/1996	107.570482	109.0195939	111.7517208
7/1/1996	107.917043	109.2904478	112.134845
8/1/1996	108.2316334	109.5410997	112.5393639
9/1/1996	108.5340868	109.7873006	112.9642623
10/1/1996	108.7689077	109.9931142	113.4059009
11/1/1996	108.9713646	110.2678485	113.8580454
12/1/1996	109.1570009	110.5895477	114.316794
1/1/1997	109.3936859	110.9555063	114.7842923
2/1/1997	109.6331514	111.3142868	115.2633708
3/1/1997	109.8630694	111.6934512	115.759106
4/1/1997	110.1305777	112.0638167	116.2734875
5/1/1997	110.4322167	112.4070819	116.8086292
6/1/1997	110.8251945	112.7766279	117.3684573
7/1/1997	111.2843881	113.1434553	117.9546044
8/1/1997	111.7964477	113.5063776	118.5619313
9/1/1997	112.4351767	113.9108442	119.1843022
10/1/1997	113.0929702	114.3053663	119.8113487
11/1/1997	113.6785666	114.6676021	120.4362657
12/1/1997	114.2002133	115.0162319	121.0555209
1/1/1998	114.7485531	115.3533142	121.6663023
2/1/1998	115.2307747	115.6258225	122.2691624
3/1/1998	115.8588529	115.958314	122.8655153
4/1/1998	116.3849876	116.2695152	123.4568692
5/1/1998	116.9122953	116.6243526	124.0454726
6/1/1998	117.414776	116.9730597	124.6306396
7/1/1998	117.8806433	117.334359	125.2087993
8/1/1998	118.3839687	117.6831845	125.7755649
9/1/1998	118.7935876	118.0475201	126.3311501
10/1/1998	119.2754035	118.4569408	126.8832031
11/1/1998	119.789138	118.8365442	127.4371011
12/1/1998	120.4379656	119.2211884	127.9954984
1/1/1999	121.0693338	119.5816539	128.5601878
2/1/1999	121.7467096	119.9531897	129.1305672
3/1/1999	122.3173618	120.2259442	129.7105085
4/1/1999	122.8779788	120.5233887	130.3076246
5/1/1999	123.3977406	120.7385061	130.9310209
6/1/1999	123.8426312	121.0167602	131.5899266
7/1/1999	124.3417576	121.3981831	132.2892641
8/1/1999	124.8397642	121.7466815	133.0281542
9/1/1999	125.3536362	122.0929617	133.80575
10/1/1999	125.900926	122.5428604	134.6205215
11/1/1999	126.5241579	123.0387619	135.461424
12/1/1999	127.1216654	123.5633068	136.3152394
1/1/2000	127.7293605	124.0711293	137.1704031
2/1/2000	128.4033545	124.5858475	138.0161694
3/1/2000	129.0087552	125.0970664	138.840517
4/1/2000	129.6397986	125.502475	139.6318577
5/1/2000	130.1758151	125.8540877	140.3722902
6/1/2000	130.6266601	126.0938617	141.0523617
7/1/2000	131.0546082	126.281443	141.6692468
8/1/2000	131.4657835	126.4529243	142.2243892
9/1/2000	131.9071096	126.6367438	142.7116281
10/1/2000	132.2757075	126.7337016	143.1107099
11/1/2000	132.5819554	126.8216225	143.4022858
12/1/2000	132.6829498	126.7599738	143.5704248
1/1/2001	132.6833861	126.6406537	143.601023
2/1/2001	132.4849398	126.5672843	143.482859
3/1/2001	132.1377116	126.5187083	143.2113392
4/1/2001	131.6355162	126.5051733	142.7879752
5/1/2001	131.0140226	126.4888246	142.2274562
6/1/2001	130.2583971	126.4646995	141.5467768
7/1/2001	129.3340922	126.3541241	140.7661744
8/1/2001	128.4061737	126.3201986	139.9136704
9/1/2001	127.4209123	126.2601538	139.0257072
10/1/2001	126.5090927	126.2005688	138.1493086
11/1/2001	125.7198747	126.1083366	137.3253779
12/1/2001	125.1880748	126.1036253	136.5846591
1/1/2002	124.7740579	126.1730985	135.9442122
2/1/2002	124.4645905	126.1622251	135.4142718
3/1/2002	124.2749765	126.0508074	134.9924952
4/1/2002	124.1630358	125.8799317	134.6701939
5/1/2002	124.1241388	125.7016387	134.4326234
6/1/2002	124.1254482	125.5752422	134.2628519
7/1/2002	124.1263137	125.4469813	134.1391872
8/1/2002	124.0583279	125.393108	134.0348319
9/1/2002	123.9400575	125.3450485	133.9266307
10/1/2002	123.7642107	125.3045351	133.8028715
11/1/2002	123.5261495	125.2952275	133.6670459
12/1/2002	123.2904889	125.3301822	133.5242854
1/1/2003	123.0756523	125.3771301	133.3768045
2/1/2003	122.86927	125.3755884	133.2265906
3/1/2003	122.6356762	125.4150874	133.0821541
4/1/2003	122.4263592	125.5173234	132.9584655
5/1/2003	122.2182593	125.649934	132.8703991
6/1/2003	122.0672942	125.823176	132.8283119
7/1/2003	122.0631348	126.0291596	132.8406787
8/1/2003	122.0051413	126.1584288	132.9106389
9/1/2003	122.0817012	126.2784525	133.0425305
10/1/2003	122.2195924	126.4357257	133.2236809
11/1/2003	122.3604486	126.5458709	133.4401735
12/1/2003	122.4741701	126.650727	133.6836228
1/1/2004	122.5804556	126.74179	133.9559657
2/1/2004	122.7129791	126.8542681	134.2613385
3/1/2004	122.9859917	127.0191286	134.5997732
4/1/2004	123.2612576	127.2455474	134.9667631
5/1/2004	123.6317746	127.5071613	135.3629844
6/1/2004	124.0492223	127.7875192	135.7861352
7/1/2004	124.4255273	128.1145745	136.2370885
8/1/2004	124.8849507	128.4023252	136.7171552
9/1/2004	125.2432955	128.6577828	137.2215897
10/1/2004	125.5108418	128.9079824	137.7494424
11/1/2004	125.703342	129.1375896	138.2914627
12/1/2004	125.924343	129.2838751	138.8408846
1/1/2005	126.0672808	129.3447965	139.3993093
2/1/2005	126.2677185	129.4669978	139.9645009
3/1/2005	126.2831912	129.6779681	140.5334523
4/1/2005	126.3623762	129.9143541	141.093954
5/1/2005	126.4677875	130.0639073	141.6239364
6/1/2005	126.5358662	130.1803667	142.1136123
7/1/2005	126.5818016	130.2954342	142.5613411
8/1/2005	126.6118361	130.3862391	142.9701752
9/1/2005	126.588263	130.5008136	143.3469976
10/1/2005	126.7769282	130.5660113	143.7093704
11/1/2005	127.1851867	130.6954279	144.0776909
12/1/2005	127.6167466	130.884161	144.4648996
1/1/2006	128.0403494	131.1025897	144.8735521
2/1/2006	128.3784925	131.317896	145.3082649
3/1/2006	128.9602749	131.4489167	145.7707675
4/1/2006	129.3603702	131.5386286	146.2633554
5/1/2006	129.6975162	131.6706478	146.7925661
6/1/2006	130.0309031	131.7713795	147.3565371
7/1/2006	130.3596304	131.8778975	147.9476374
8/1/2006	130.7279789	132.0359298	148.5665725
9/1/2006	131.2135442	132.2549619	149.2089761
10/1/2006	131.6997695	132.415985	149.8581323
11/1/2006	132.1056246	132.5935599	150.4968409
12/1/2006	132.4454668	132.6991107	151.1114525
1/1/2007	132.977888	132.8041841	151.6904597
2/1/2007	133.4586959	132.8887595	152.2317368
3/1/2007	133.7774634	132.9320805	152.7442722
4/1/2007	134.0901069	132.9955673	153.2483854
5/1/2007	134.3177682	133.0707601	153.7600268
6/1/2007	134.575357	133.1238522	154.286045
7/1/2007	134.8069676	133.1730145	154.8264053
8/1/2007	135.0004181	133.166728	155.3723988
9/1/2007	135.3517297	133.1095324	155.918487
10/1/2007	135.6057915	133.147526	156.4538403
11/1/2007	135.8570871	133.1987945	156.9675356
12/1/2007	136.2045583	133.2592074	157.4448658
1/1/2008	136.4919928	133.3173228	157.8665511
2/1/2008	136.7516745	133.3056233	158.2113163
3/1/2008	136.7907328	133.2111385	158.4598301
4/1/2008	136.7880016	132.9715878	158.5968822
5/1/2008	136.6757404	132.6722679	158.6097268
6/1/2008	136.3905891	132.3495239	158.4916162
7/1/2008	135.9835566	131.9553685	158.234288
8/1/2008	135.4821411	131.5486601	157.8322786
9/1/2008	134.7742775	131.0551931	157.2876242
10/1/2008	133.8589673	130.4616193	156.610239
11/1/2008	132.7429299	129.7123697	155.8218802
12/1/2008	131.4347002	128.9432694	154.9530076
1/1/2009	129.8938245	128.1614795	154.0433457
2/1/2009	128.4177725	127.422215	153.1395175
3/1/2009	127.18099	126.7189166	152.2890745
4/1/2009	126.107639	126.0878746	151.5338102
5/1/2009	125.2900131	125.562988	150.9044541
6/1/2009	124.7950267	125.1622792	150.4173331
7/1/2009	124.4193511	124.8271961	150.0770266
8/1/2009	124.0442672	124.5284972	149.879265
9/1/2009	123.6903853	124.2725164	149.8201008
10/1/2009	123.4890879	124.1127272	149.9024567
11/1/2009	123.4425676	124.0032519	150.1220984
12/1/2009	123.4705768	123.9778971	150.4659637
1/1/2010	123.6805564	123.9362003	150.9130856
2/1/2010	123.8929037	123.8016746	151.4357934
3/1/2010	124.2372237	123.7877708	152.009007
4/1/2010	124.7139521	123.9048924	152.6102137
5/1/2010	125.1907087	124.012171	153.2185689
6/1/2010	125.4996135	124.0075097	153.8189153
7/1/2010	125.7139414	123.9477562	154.4114961
8/1/2010	125.9756049	123.8782799	155.0071881
9/1/2010	126.197838	123.8110188	155.6144349
10/1/2010	126.4659239	123.7296778	156.2341305
11/1/2010	126.8919025	123.702388	156.8619287
12/1/2010	127.3715264	123.6607917	157.493792
1/1/2011	127.8996582	123.6471277	158.1224464
2/1/2011	128.4616704	123.7000081	158.7391461
3/1/2011	128.8772062	123.7724109	159.3353946
4/1/2011	129.1975715	123.8616651	159.9055804
5/1/2011	129.4680649	123.8935431	160.447493
6/1/2011	129.6983718	124.0277794	160.9652847
7/1/2011	129.9101761	124.1605764	161.463302
8/1/2011	130.1362247	124.2570258	161.9435248
9/1/2011	130.3960542	124.4125985	162.4131559
10/1/2011	130.6639757	124.6085945	162.8823375
11/1/2011	130.930013	124.7862546	163.363346
12/1/2011	131.2448889	125.0336633	163.86342
1/1/2012	131.5555155	125.3428102	164.3871984
2/1/2012	131.8106676	125.6771613	164.9334313
3/1/2012	132.0500537	125.8281712	165.4978914
4/1/2012	132.2424719	125.9216639	166.0759856
5/1/2012	132.3797803	126.0338068	166.6647561
6/1/2012	132.5250407	126.173631	167.260472
7/1/2012	132.7807962	126.2701418	167.8628674
8/1/2012	133.1001387	126.4518357	168.4733821
9/1/2012	133.5232679	126.6423223	169.0867216
10/1/2012	133.9833048	126.7873181	169.6966949
11/1/2012	134.3763978	126.9766546	170.3064018
12/1/2012	134.8422834	127.2494832	170.9259869
1/1/2013	135.2626808	127.5432817	171.5639332
2/1/2013	135.7602023	127.8373027	172.2279725
3/1/2013	136.2103662	128.0181424	172.9215923
4/1/2013	136.6351276	128.156243	173.6451316
5/1/2013	137.0371451	128.3431362	174.4006138
6/1/2013	137.5147042	128.5914421	175.1933295
7/1/2013	137.9709054	128.8604429	176.0273549
8/1/2013	138.4973169	129.0986944	176.9017393
9/1/2013	139.0601273	129.277884	177.8175142
10/1/2013	139.7039832	129.5265788	178.7719945
11/1/2013	140.2786762	129.7898001	179.7560335
12/1/2013	140.7819254	129.9823174	180.7593353
1/1/2014	141.2382582	130.0866034	181.7782183
2/1/2014	141.7220166	130.185284	182.814362
3/1/2014	142.2412029	130.5120009	183.8698809
4/1/2014	142.7817375	130.8612188	184.9447817
5/1/2014	143.4157845	131.1924088	186.0339153
6/1/2014	144.027778	131.404492	187.1305591
7/1/2014	144.8063241	131.5745286	188.2274362
8/1/2014	145.4721385	131.7744563	189.3186198
9/1/2014	146.1706127	132.0032093	190.3983498
10/1/2014	146.8001042	132.1728578	191.4630423
11/1/2014	147.4000899	132.3448296	192.5104502
12/1/2014	148.0182372	132.5360827	193.5400676
1/1/2015	148.6977862	132.7490581	194.5512961
2/1/2015	149.2547257	132.9974273	195.544007
3/1/2015	149.8163373	133.2747829	196.5188878
4/1/2015	150.4151475	133.5228149	197.4782348
5/1/2015	151.0849744	133.7967293	198.424133
6/1/2015	151.7267904	134.0796383	199.3526914
7/1/2015	152.2260301	134.4364195	200.2565101
8/1/2015	152.7324337	134.8259032	201.1295191
9/1/2015	153.0989835	135.2106322	201.9697268
10/1/2015	153.4635285	135.5886561	202.777449
11/1/2015	153.8997877	135.9380498	203.5512356
12/1/2015	154.3213301	136.2387327	204.2938045
1/1/2016	154.7797587	136.5716931	205.008664
2/1/2016	155.2775117	136.8647881	205.6963151
3/1/2016	155.8284889	137.0844684	206.3589904
4/1/2016	156.3598285	137.3835881	207.0003884
5/1/2016	156.7602851	137.6496998	207.6255858
6/1/2016	157.1266397	137.9647565	208.2433145
7/1/2016	157.398556	138.2731161	208.8608315
8/1/2016	157.6333132	138.4800132	209.4844697
9/1/2016	157.8166755	138.6771184	210.1216585
10/1/2016	157.9699908	138.9463398	210.7820648
11/1/2016	158.2860874	139.2406508	211.4773343
12/1/2016	158.7385377	139.5585802	212.2098368
1/1/2017	159.2695359	139.7698727	212.9722667
2/1/2017	159.9321643	140.0152476	213.7469226
3/1/2017	160.5792255	140.0505446	214.5256839
